[header]
width=22
height=22
tilewidth=23
tileheight=23
orientation=orthogonal

[tilesets]
tileset=../../CS3113/assets/graphics/Platformer assets pixel (900 assets)/spritesheet_rgba.png,23,23,0,0

[layer]
type=Sky
data=
736,736,736,736,736,736,736,736,736,736,736,736,736,736,736,736,736,736,736,736,736,736,
736,736,736,736,736,736,736,736,736,736,736,736,736,736,736,736,736,736,736,736,736,736,
736,736,736,736,736,736,736,736,736,736,736,736,736,736,736,736,736,736,736,736,736,736,
736,736,736,736,736,736,736,736,736,736,736,736,736,736,736,736,736,736,736,736,736,736,
737,737,737,737,737,737,737,737,737,737,737,737,737,737,737,737,737,737,737,736,736,736,
737,737,737,737,737,737,737,737,737,737,737,737,737,737,737,737,737,737,737,737,737,737,
737,737,737,737,737,737,737,737,737,737,737,737,737,737,737,737,737,737,737,737,737,737,
737,737,737,737,737,737,737,737,737,737,737,737,737,737,737,737,737,737,737,737,737,737,
737,737,737,737,737,737,737,737,737,737,737,737,737,737,737,737,737,737,737,737,737,737,
737,737,737,737,737,737,737,737,737,737,737,737,737,737,737,737,737,737,737,737,737,737,
737,737,737,737,737,737,737,737,737,737,737,737,737,737,737,737,737,737,737,737,737,737,
737,737,737,0,0,0,0,0,0,0,0,0,0,0,0,0,0,0,0,0,737,737,
737,737,737,737,737,737,737,737,737,737,737,737,737,737,737,737,737,737,737,737,0,0,
737,737,737,737,737,737,737,737,737,737,737,737,737,737,737,737,737,737,737,737,737,737,
737,737,737,737,737,737,737,737,737,737,737,737,737,737,737,737,737,737,737,737,737,737,
737,737,737,0,0,737,737,737,737,0,737,737,737,737,737,737,737,737,737,737,737,737,
737,737,737,737,737,737,737,737,0,0,737,737,737,737,0,737,737,737,737,737,737,737,
737,737,737,737,737,737,737,737,737,737,737,737,737,737,737,737,737,737,737,737,737,737,
737,737,737,737,737,737,737,737,737,737,737,737,737,737,737,737,737,737,737,737,737,737,
737,737,737,737,737,737,737,737,737,737,737,737,737,737,737,737,737,737,737,737,737,737,
0,0,0,737,737,0,0,0,737,0,0,0,0,737,737,0,0,0,0,0,0,0,
0,0,0,0,0,0,0,0,0,0,0,0,0,0,0,0,0,0,0,0,0,0

[layer]
type=Solid
data=
0,0,0,0,0,0,0,0,0,0,0,0,0,0,0,0,0,0,0,0,0,0,
0,0,0,0,0,0,0,0,0,0,0,0,0,0,0,0,0,0,0,0,0,0,
0,0,0,0,0,0,0,0,0,0,0,0,0,0,0,0,0,0,0,0,0,0,
0,152,124,124,154,0,0,123,123,123,0,0,0,0,0,0,0,0,0,0,0,0,
0,0,153,153,0,0,0,0,0,0,0,0,0,0,0,0,0,0,0,0,0,0,
0,0,0,0,0,0,0,0,0,0,123,123,123,0,125,0,0,0,0,0,0,0,
0,0,0,0,0,0,0,0,0,0,0,0,0,0,0,0,0,0,0,0,0,0,
0,0,0,0,0,0,0,0,0,0,0,0,0,0,0,126,124,124,124,156,0,0,
0,0,0,0,0,0,0,0,0,0,0,0,0,0,0,0,0,0,0,0,0,0,
0,0,0,0,0,0,0,0,0,0,0,0,126,123,123,156,0,0,0,0,0,0,
0,0,0,0,0,0,0,0,0,0,0,0,0,0,0,0,0,0,0,0,0,0,
0,0,0,125,125,125,125,125,125,125,125,125,125,125,125,125,125,125,125,125,0,0,
0,0,0,0,0,0,0,0,0,0,0,0,0,0,0,0,0,0,0,0,0,0,
125,125,0,0,0,0,0,0,0,0,0,0,0,0,0,0,0,0,0,0,0,0,
0,0,0,0,0,0,0,0,0,0,0,0,0,0,0,0,0,0,0,0,0,0,
0,0,152,123,123,154,0,0,0,0,0,0,0,0,0,0,0,0,0,0,0,0,
0,0,0,0,0,0,0,126,125,153,156,0,0,126,125,125,156,0,0,0,0,0,
0,0,0,0,0,0,0,0,0,0,0,0,0,0,0,0,0,0,0,0,0,0,
0,0,0,0,0,0,0,0,0,0,0,0,0,0,0,0,0,0,126,123,156,0,
0,0,0,0,0,0,0,0,0,0,0,0,0,0,0,0,0,0,0,0,0,0,
123,123,123,0,0,123,123,123,0,123,123,123,123,0,0,123,123,123,123,123,123,123,
0,0,0,0,0,0,0,0,0,0,0,0,0,0,0,0,0,0,0,0,0,0

[layer]
type=Spike
data=
0,0,0,0,0,0,0,0,0,0,0,0,0,0,0,0,0,0,0,0,0,0,
0,0,0,0,0,0,0,0,0,0,0,0,0,0,0,0,0,0,0,0,0,0,
0,0,0,0,0,0,0,0,0,0,0,0,0,0,0,0,0,0,0,0,0,0,
0,0,0,0,0,0,0,0,0,0,0,0,0,0,0,0,0,0,0,0,0,0,
0,0,0,0,0,0,0,0,0,0,0,0,0,0,0,0,0,0,0,0,0,0,
0,0,0,0,0,0,0,0,0,0,0,0,0,0,0,0,0,0,0,0,0,0,
0,0,0,0,0,0,0,0,0,0,0,0,0,0,0,0,0,0,0,0,0,0,
0,0,0,0,0,0,0,0,0,0,0,0,0,0,0,0,0,0,0,0,0,0,
0,0,0,0,0,0,0,0,0,0,0,0,0,0,0,0,0,0,0,0,0,0,
0,0,0,0,0,0,0,0,0,0,0,0,0,0,0,0,0,0,0,0,0,0,
0,0,0,0,0,0,0,0,0,0,0,0,0,0,0,0,0,0,0,0,0,0,
0,0,0,0,0,0,0,0,0,0,0,0,0,0,0,0,0,0,0,0,0,0,
0,0,0,0,0,0,0,0,0,0,0,0,0,0,0,0,0,0,0,0,71,71,
0,0,0,0,0,0,0,0,0,0,0,0,0,0,0,0,0,0,0,0,0,0,
0,0,0,0,0,0,0,0,0,0,0,0,0,0,0,0,0,0,0,0,0,0,
0,0,0,0,0,0,0,0,0,71,0,0,0,0,0,0,0,0,0,0,0,0,
0,0,0,0,0,0,0,0,0,0,0,0,0,0,0,0,0,0,0,0,0,0,
0,0,0,0,0,0,0,0,0,0,0,0,0,0,0,0,0,0,0,0,0,0,
0,0,0,0,0,0,0,0,0,0,0,0,0,0,0,0,0,0,0,0,0,0,
0,0,0,0,0,0,0,0,0,0,0,0,0,0,0,0,0,0,0,0,0,0,
0,0,0,0,0,0,0,0,0,0,0,0,0,0,0,0,0,0,0,0,0,0,
71,71,71,71,71,71,71,71,71,71,71,71,71,71,71,71,71,71,71,71,71,71

[Object Layer 1]
# Player
type=Player
location=0,19,1,1

