[header]
width=22
height=22
tilewidth=23
tileheight=23
orientation=orthogonal

[tilesets]
tileset=../../../CS3113/assets/graphics/Platformer assets pixel (900 assets)/spritesheet_rgba.png,23,23,0,0

[layer]
type=solids
data=
0,0,0,0,0,0,0,0,0,124,0,0,0,0,0,0,0,0,0,0,0,0,
0,0,0,124,124,124,124,124,124,0,0,0,0,0,0,0,0,0,0,0,0,0,
0,0,0,0,0,0,0,0,0,0,0,0,0,0,0,0,0,0,0,0,0,0,
124,124,124,124,124,0,0,0,0,0,0,0,0,0,0,0,0,0,0,0,0,0,
0,0,0,0,0,0,0,0,0,0,0,0,0,0,0,0,0,0,0,0,0,0,
0,0,0,0,0,124,124,124,124,124,124,124,0,0,0,0,0,0,0,0,0,0,
0,0,0,0,0,0,0,0,0,0,0,0,0,0,0,0,0,0,0,0,0,0,
0,0,0,0,0,0,0,0,0,0,0,0,124,124,124,124,124,124,124,124,0,0,
0,0,0,0,0,0,0,0,0,0,0,0,0,0,0,0,0,0,0,0,0,0,
0,0,0,0,0,0,0,0,0,0,0,0,0,0,124,124,124,124,124,124,124,124,
0,124,124,124,124,124,124,124,124,124,124,124,124,124,124,0,0,0,0,0,0,0,
0,0,0,0,0,0,0,0,0,0,0,0,0,0,0,0,0,0,0,0,0,0,
0,0,0,0,0,0,0,0,0,0,0,0,0,0,0,0,0,0,0,0,0,0,
124,124,124,124,124,124,0,0,0,0,0,0,0,0,0,0,0,0,0,0,0,0,
0,0,0,0,0,0,0,0,0,0,0,0,0,0,0,0,0,0,0,0,0,0,
0,0,0,0,0,0,124,124,124,124,124,124,0,0,0,0,0,0,0,0,0,0,
0,0,0,0,0,0,0,0,0,0,0,0,0,0,0,0,0,0,0,0,0,0,
0,0,0,0,0,0,0,0,0,0,0,0,0,124,124,124,124,124,0,0,0,0,
0,0,0,0,0,0,0,0,0,0,0,0,0,0,0,0,0,0,124,0,0,0,
0,0,0,0,0,0,0,0,0,0,0,0,0,0,0,0,0,0,0,0,0,0,
124,124,124,0,0,124,124,124,124,124,124,124,124,124,124,124,0,0,124,124,124,124,
71,71,71,71,71,71,71,71,71,71,71,71,71,71,71,71,71,71,71,71,71,71

[object]
# player
type=player
location=0,19,1,1

